$ANSIBLE_VAULT;1.1;AES256
64386632323539393866643138343437353938656166363932393465346263643461346438313634
3331643131363765316333633464313564376639633831310a643930643039326537346133366366
64653261626539653062356233326463313865613132353765313833623235323163636632366264
3232346639356639330a646635356130366432333633373739633962613931316362366337626264
61303132366662313764366165303061656363393335343637393962636238313832336431373565
31363763663539623165313761316632343436303236646563376532376564646135653361306335
65386164313066333366663435666163363831303837393633366165666434363531316432323435
63653933346136633737653565316431303865636539333665626238623731626263356365323965
66653038353161323261633130663031613430643634623462616164386439316136616231313836
34616432363432656331353733616366623437323632313934376263303062343261313839363530
35643438333166366163363839346237346138373635346466326363323933316261306232386462
65616631613538326431663063303135313231323464333738613835656563353166336432613163
34353931643837663562616364636262666639643164633163653135383733646338613130653963
62313532663162616536623436323463393065323333663965656331356138353264643364633266
62306465636365346132323434363839646565643037356266626566653534376461323365323137
30346635313634343830373262633937386363613939646632356334613064623833373762353238
32636430336462373533396330613065323132643337353337313366633030333262336237623064
31316534326165313230343031393065613537306566633032323536663437343962343763653466
32343234653436313361383037653330373563376539633962323563373363393532393962383964
38623461313633376164613239383564363164376265633364326366343530303034386164333331
32313730366466326365353664396661353532376262656464663338623334643966336431323663
63663235613030316633353633646437323433393836653133613637376436363237373031643132
63396335393461303433323064656463386633303261653664353239656166663734323035663330
36366639393562333339373662373537393264376261366537373861613965366436323834373639
65383664353831323465633730316262663863643531396233313035613163646537643161636561
30383530646331306538313334306133393134366432383264383434386563623636306537376237
613639313337636233303062346163303137
