$ANSIBLE_VAULT;1.1;AES256
32663438323863396261333236636262363039636261336336363838636230346538343534656364
3963326163373130633639376630373033393966353031320a373735356466393965623537633263
64316361363436333134623431366339343935393763333366303233353463356166316362646637
6461633763613664330a323230656231313538616332633264346261393063376433643434663962
30626632373965663035616636636532303061373565653363663736623366336633396632663539
65666136613033616234666133323232343062396538353239643833303935373437653537636633
66313235613238313136663662393036323663663062356162303038653234646265356534353334
30376138396464353265653036346537666566393766386665333366396132313032353137353932
63616134643034353562313038666536313330336433346634633430386236633532303038333236
35303764343765343134393035633032303431313764363031623430633232663630666565373931
64373533343630393661623764623331383431346534313037643736653265356337343063623532
31313637383366373031306232663037333164623261386662323564633530363666363463303436
64396331303630626664303262316435303363316331636231323938666436616566666539633366
63623335646632663061333862316136626639363932386634343435643636333236353732366564
37616238343162303032333337333537633336353866373831363766316637643632343661353362
37383839383261376331343134386136353463366333316539666539373561333361626366653761
36323065373836386134343338666561336531633731373735633562306464356462653162383538
62396536636539376537666163616238346337663664353432383664393433656466633038376234
63313066376435353431633961326363653332393638376465393338336331653161663563616435
35643035653465643761613330333766663331616336373336326563386439353763336333323139
38613039316534383463313138363461313438663130616437666133346162366233313764623765
33376161386331323038373036666130623266316239656533313066393762386561303135663830
34653434363437666436393631326536353338323234323532663461363839383333656466366631
61616335663034393430363632643938613366663563346431366630376430326439376533313534
39353732626565643637376163313166613130363561386532353533653765313035343433633238
32653933393937356538366463326434313231623763643364363166666639343134616338633831
33323336653132383466623330343636363662663630646136313261383838636566343239336236
64316665633163643563353731653866333234376565356635306438396238393062643035613961
39656166626663313333653437636464613738613265363230393065656333333534303762656262
38356163323531393466623862393935306265383566333430386639333537636166373830616466
36373063343237633062363135666436613037656532343831333031666236386434313032376532
66393562323661626465363938633661343061303764656564623233633632656438643364613436
37643831666639353033616566653236396266343635323838356338306137346237653162613236
62616330653337613135646431383630376531613837363938393732663831343231323062303164
63623763353262326435353266303537303431613164366231616433613439396138633636303133
62613038656331313832363166626635383932363537336366323639346163633036313437383136
36373765393865393432383763393464663062303038663838633731333239616235653237623763
35653638623530643738313237613337636435393764646162643938396436643962663533313438
61366666333661333861313039376665316364376135336162633664386337633437333636313865
66633637613563636361623931616133376164663036333764313632323165316337333036376164
39656537313663383062636462366436333737653337373932396537303064313865316636653063
34613132333462303537316533316162333432323835373934366166613063356361633633396364
30333963313162333236346232656437643130323562333330316133313134666665656564316465
62386237666164343131613038383533663933643864336165393438636337613936363464393034
31386238363038353466383431663336396666616165356533623530386536346635386437626438
36663763626433633264316137356363616366623637303235646538336436373233326562343932
66393139393930383162356237363430363035313465353763663163653465636562623136303734
34303665346238356539306139343461396133623066376437303932613036303032323535643065
62366539656338613537323135386238376132373062393130323834393835633231343031653630
32393030373337393234353066613136376638643031656563326636323161656231356666366530
64393061356165623632633334386462343165313337336236613161313533616137646438363262
66666238643737363631663664313837636364383033663263376533306332636139666634643265
63313965626230653033663837613737643636383262656434633362343632336263633066666263
39303366333332373264386234633231396434333834313065363633623233396538323033616638
64363431393130396234613733643830303633303134333362643163336234356436323938643437
38303364353933353433656639663432396534343439373336323961356362613163376337353239
33626138343539333130356436343735313831666136363038343736663363666338383963386438
34633263636635613362623838363139376662393135623563313033353138393837346464303765
30613663666365623339653731303461666666306638386161383036386261313436616339613463
37323534346562323637393564313935303836633831333837356331633631393237353463633837
35656531643334393432633562653833393635366661303630386332346163373737383066383661
64653232383262656665623263386437306265656133613534643439646665343731646239363135
61343931663762353362303733653839653933343361376630396334626662393233633834313838
39616638303636393364386566373463363463633938616639636165313561373961396662653431
66346634356265356264383833633139653133313936353261353530653336666164353134356439
36316538303936633232643064666331343034636665666130393264393564633861326131633436
33323861373239323935316336666361656639646364653330306663303333636464333364613665
61623138323638316662646364323238353763326331376230383532333934343362666432626165
61333331303264626136366365633538653436643731313462663531343765393335336135363566
36393763636637336433323731643138663136623237383838323064326636626131373134326539
34643535303634376361363534333433396539666434366530646535393464306163383939373331
32326232363363626336363430643164636137616466663434316365366237316530623736666435
35323365346435316430646166303464653632323762626335336664616530613933643832666263
38383465376339343034363238383634373238623336623537633765613336316537643661323062
31656538363162626136646437343832383132626237386533633463626463333737376630656230
66376164366330303831363566663365333234626134653139393262383266373463613262616333
32343561353837353333333265666139663761343666346230363832343831326439353930313366
38303337353632363432326461333234643461373030373130343530353539366662636332316636
31333933616162386630343736313336343538363733623766646230643436623434333036663133
64653765616637323862646463353936336333353162316137363033363936366337626430363837
38366162613039343439613137376331303634383163316334393564323162323064393766316264
62303064633064333232363630376430616563366663366166373465306338653666323230356535
65653466313534643662393663386164383335653664366265313238363433333266383130306139
34383135636538376238613535356366623038653733393065313865393065666238393662396661
36343333316465333231303337313263626161356135383435643335323939396530613165646330
63306362646333303537363639376466393838656233346164303462393732383861386565646331
32356538353930663432326262646434316532663561333339366532383230306130363561366530
39636365313939393939653166366438653366623465666138643863386132383435396130393838
64373336306264643166356639326630313132363235343865653430666634373139333166376531
63643361346564646137366537306165346461346632643234346335666564336239393664333031
31306235666334306136393964333336643964636562306330333831663238366635323964646361
35383961616566636431333164323764653939656535633834333937343863306263633366656138
35313164626531613635623036336235623337356362383035393132613037353834353433393138
37306163386436346438306162356633346361616366653866306633396535316435646238333638
30343166396635643735353562303638373138363765613565663336353163313062633264383635
33313164633362313366333132383065303439376334616461323165363862643563353665363537
64333066613461633131333538383939633561653661643537393164616366646435613632356133
31333830656431306564356535303736303936643733643763353361366361393339626230383334
33336432636531613536636232623131663731323434316164393965633133303562363139333864
64616635343032653139316232663738613462316437653162313265313563383237336134353861
36326639393039373265643136346236613035616231666139633237366436363265323432653666
33376265646537326166383937613434336462643465396662396565326136643066663934383136
32633834613638393236396533333938666333383933373762633732353261653636376664646430
63336661393633653836303238376462373938396630333138343166626236643534393331323133
31386132643037633531623435656466663765383465666630303135303161373237663564646365
39636135633863376436613733653135613463656137626462323535663034336634336364306261
36313161366231373437396466653963613735353661646630616363643064633930333934363064
31373863333963376238313862376437393263356365656333323739393266623431316337333939
37343565333938353365643836643737653265333733643737346538633836343962666330633838
37323066306530386466626464656461666430623637633233343266323837643239353262616138
65353731656634636636373366323439626535313965353930343335383734623763633536343535
34366431663834373531353562386435613530383230643566376437373837346430613663663730
35306635306366383064316461386533306564396363363763306464383066346135663765393438
61383566376630653631356563626130373735646464633339326637363237656337306636366164
61383432303838623432393466323136373634343037663939306638393337353936393064346162
66303430333036643164663435336537633139383666623461323836663039663734613231613962
38333564306364653237373934316133306437646163346334396439393962356237666236613038
35373964326439626638343635613562383831386461333336316664343635396538366137333431
33333233373236393231353132636135313865323361396339363066323764633433633632653432
30306663633635353930663837316239393534343633373736356466613537356538663063623033
36306362346333366165653133356132656462326437346466313737336664373633373930636639
63626363653466306532623530306332386531393639373264616534303966316364383061303531
64643863306165616665393538613366363935666335656537363339636335343431336231663964
37616532656638323034643135303066373633633332363663386630303736646133313464633063
63646535353730636436633530313664383965613731333837363936313634666431356337333162
32323433373539346430643665653738613862653463323930383035393331353531366130373634
32356137663734316533306135353965396465663339333536333633313464633230393562363662
65336635626434386163386530373730313036303162356632393563373738653033303235623935
32323731386230666263623062623061343038323434643038336133643863303361613236323030
34656539336432363339393237643132313231666663383331393263653564326563653661346466
33323465623261373634646234376634616336393838383137336136663966653133383535383463
35363932663432393635636666383232653361336362306562613965373963646463303833353439
34643935383933343637613834636165316564663334613534393363326663613030333364303432
61386263613838633930626634396235616134656435313263396432663861363261653764323737
37633161393134383837633430353131363231303339653264343063643530633433303235373539
65653864333463613932356130303564373735366335316165386432303761363137396536383464
65376564363264393236373939306665343266383832653533333264653634666436653365336330
38336535373737656434333239353166303336653031363939303665653063633463653835343834
33323461653734343037336233353937383163303762313861633338666638353238643463643231
31616166383639663138656335613165323436303938363234633563383130643261393331616162
38343865363332663463633937646231393838396539656432383935653930623239363533396662
39303562346136373737343537303766323538316666663934346165363938626237346561346530
34343763363262636632326130626534323864323039353662303536303837356538623662636363
62666633613539346662656664633537356438306464326639326162626362326635386461326637
31663132663934613166333133653466626462663265613335303335656435313237366462333066
32366236623461393131306162366333366136633938313966326432393165656638303631313634
62626235343635303638383963383039373630323136323434643436343361623433323833666133
36323735396466396331626366653931326438316139303539376439366333373534636334363431
33636335633966383831346338396437613264393332343062306639623839353138643436623866
30643032363239333863643464383064646437646162626236366130643864323433333762393662
62373361366362636639623939393038353632376333373830343330383266613266613466316430
38303866636564666139383563326631616130616535633933323264323865343134356638376436
65633135343263633462386362623737333663343062383635313332633066663362386435666135
30383566633637336631343866653130343438383135653164643262613762373533636662353233
35386437373633636133386664393330663733343462663135363635623934396565613935653364
64653863646332326531626566366534306430613837336433353232393432343934363632623432
64346135356331346163636336643631323532663737646263303636303961326235363138353530
36306331643939626430613135383961303464386165323266346339633563623230663364643632
30346531643537316163633537333131356130633861613166346430356138613034623664306632
38313937356530356433636161313033626666306332643136323636626532306231343664363036
39393237343732656137373861643833333930303035356666613264613136653235383362643237
34326463366231623133613166626337343832333931623763333539623866623866383131616538
62366136353063643864346462613033613862343732393034386431376432316134376466356333
34646361353365666333303031656334663933343136633664626463333761303432323961373733
35663334393863313239376533656233613166346130316638646636643239656439326133383638
64373562363338313235623638653961653137346531393332623830343733393634363565373232
35316631313164356361653033376637373662623339383638316464346264373066373366346432
31626530323637633166393539633232353733306239356330356566626634626239633833303638
33353564386135336237383561633638613038656332663565336236373730306265653535393363
35383436653965633963653562393464633061386265316330653136633931346636373137616537
33643263656639323131643262316262353835643739663734336461653038336463306463393461
66623064653532646134306263623332373661326361643038633936356635613434336663373239
63653366366538306361396162643037383531643065323438353934633538333663393937323166
64313864373839303663663031636266643464346132396136323663343732363361363963343461
39353663323630636633643465663331326539316662303534343233323866633038336363633565
39343131356362323166
