$ANSIBLE_VAULT;1.1;AES256
64326636393635626263313262343134656465663661313838316231646262653866313932386330
6664363434393361396133653466306337306463393730650a636330613936663436666664383737
65316131333837363362313863353561323766666632653837643730356361343765353361343032
3836636232356461630a646565376366303532303131316230613166353934373562323663633632
33643131663237343930303134656535653137376565376564333835333939356134336337663430
36383438613765656562353635666536666433303062626335663461353530646164303564343463
30353361386535306166616264386265326333323564353838323435366362393964373431303261
61363337383833383065613166323333356466623633363635366637666564613638663563323866
38626131396264613034643331356363653264393136386536366464343932653739353762386235
33336431383465353462303534316437386435623066633533663262313862616333356631313838
61636132666265613066393362396536663238346332306536643735336136393433623161633134
63653330366361656362323261353463366230333935313937376465356130383237326236623539
33326462306239313564363734623466393563636635303363316564623262653033653766353630
62373439303865396638373063636166636539393635666365336335656233376264626261346533
32393063633739393861376163383937333065333066343439616561306564363538616534636664
62633562366232353135343765353637363562643538646530643035663663383761353434393665
62333735666366666233333637613232353861623465343636373963633064366339633139623066
64613564386235346663336134306233323665643138383537643632643262636263366539366532
34333138656533346330643966343465613630323735356462376637643262653765313263336564
39373965303539316137636636373239616165646434343733313864333331656530336132306533
39633161653031313139663330333264383639663733333466383066306163366263306561616663
32376633643062343635653563343432383634663439396630646333326264373137653133353833
31313432666262373930303631396235383361613433626135383963636461626161393230653165
31653630393366373335656332616135306362616166373131643962303931356137333466303566
37633530663762356430326539346166663231373733396264616163373136623439
