$ANSIBLE_VAULT;1.1;AES256
35336435336235636464303261376563333232346135306633346462386232663630616538303731
3465396236323262393331343238633431333036353838310a653932353663626632613037303338
65346632303866396134363963373264326136326138356236653139613732636634303635306137
3830613732656536320a636161646564633561303834663563653332383738616633643763346634
31383130353833353962623863323661623234343133323239623163316165303264303138316230
36646565333962376533333436616561653664656432336534353136316133346461333932623234
37653966373337303765353138333339373033363164636235343439346437303437623861303531
64346366363466373038366536663333626536303763653166653265366137366266333430623639
31663766656336383063393438373431373462333534346162396238646131353837316330626536
62323536316337653037646166643865343833376136633032623231363335616233366438353561
38353539613030343239636639663865363732336537353231633763643130303033643136336664
34366639383062356231383065303665616261333363313064653432303833343231383138663438
62643164303162623563376365623839396661666634613761366536663732303361316334386131
34346238623134393136353137383561656334386637333363323332353332303638653931373366
65386531623535666436333839303761376562306262646531636131326165353239346131663962
62616436653934323935663361633235356537396632623332336636626330373663373034663632
61646162386432356335393861343439383132316232306139373039383234316462313363663664
39636636313964646266633336663538306530613162633733333535383064366665386664653366
65356536303932333438366235323566313865643663373662303230366232373732303538643065
36613335303665613730326634386137623934653061666439623461653064396533666439623663
63303838373238333539393937373238353330306166633734303062336666626133333338373039
38643163393230393334613663633866633365643036393662336130306439366233643363636265
64616336313265353337636337336464616366356238653637656661366530383361323831396334
36383430316237306362313265623635323362326337353562336139366531666236323433626638
30646164616439653932653464643566656533343133623763303939326162363036363734386339
32346538316235363164353932343233643936356664613232643332373430626335633437663362
39346138663766646665316238626432353466373532313630623266353762306161376334346138
37356165323230373966
