$ANSIBLE_VAULT;1.1;AES256
36386438323030663133333134633833333561653062643130316138633934653363633464333462
3136373239346437613334373964383961373362656563330a396338373630306361373634366138
30386236646463623261653235653163393662643563353531616437333266616432306330616561
3932663732613534360a636633343864346463353063323433663731663435346164643630343737
35613762353035313263313837663061333964383838653766636536376539356661343033366135
31616263343937393566366564356232663265303038353031363865613761383330346439363136
34313932636336303839326462353237633961613631323437346364366666323662333337376336
65366433626564353363373830336130656266643333646430363937316364663764336363343861
63643731313765353862653632393834353238353835613465633236333661323166316464613465
34303763346639636531306438316138353233373937626436616634336639333437623166383462
63323834383861616161333262373365663233346535393464663538343662613932353837336538
63666339393336663739643764663737333339613031663737373462313335613934623764643264
35663262636535343433363863626638643030656634323864306236623539643331343630353532
65383662666466653532643139303038663137363437313336613134646532376365613736376133
65343335613238343162303935316463393564376635386364643231366333313636343132626131
38323837303763313437646637653933346461373738626366373566343361303330373965396439
66346361383863326162343638636639306563336366353530663233326437393463333261333361
66626264613565373466383864636334396233363537353464383934393864656634326461343565
62303161333061326538626333306238623733363264623031613036613833623764613235653532
64353131646166326339373332613164383937653766333065353466346532643966643232393061
63396230353138396630326462386333616165316131373539313232336138373737623231333237
30356136653836373234633432613138376336326264323437336232303835633032323435393230
35333934613234613864356166306237303130646331326631663861383466386164373464623464
31306466653762343433336334353562333433376537303834366230376536626131633934336463
34633531333761376134363130613635666433336434343566383336373934336336623434633530
3736646536373438303233643762326136643530643938653438
