$ANSIBLE_VAULT;1.1;AES256
61666161333535633761373861623634383733313739616432386363396237353738386230323161
6439323732633638393839313661656564653233313761620a386461373332643431306338373334
34643831383638663262383461326630343231633061346263376233643131383831666134346636
6131376264636239360a626437346432303462356162343039343339323537366635363361373066
31366434633530633135353365373435393261623239396639393066316561373236353064323238
64663834383238623439646536633263343136333363613766646663373366646165616131653464
65613563343434336365383262333434373735643238373838316265383236316133323534363737
34356262616662653464373436316136323937653832363063356462383331313833396566356436
36383466666238653136313138363662383361643761653062306465356434343064356439653234
39306164376339613738323233356463303866333166663836363766616665333338346561353239
623535323239303839396666393633306335
